2504.84765625
137.529353367007
117.437495666156
229.232568887458
75.1084910721577
84.7545389833757
155.141201948913
267.978743653189
202.755376795019
105.619047623758
78.0655355210291
218.983403917682
127.343340984911
248.505620610758
229.234681828084
347.486665695009
137.456580203921
276.089867353938
411.993873113575
500.243730056668
450.052009916359
684.122980502216
1158.55511005851
1834.18611176995
7324.24926362233
4044.4645521661
1550.09822124243
1000.36948279828
700.461663346305
659.69244355738
519.727271713423
432.327886427848
330.44290418093
328.708838312583
355.034067098875
199.791413424085
263.383209897586
235.508824574692
322.589913472939
300.140823018628
98.9630831289786
167.971772090466
214.250956194187
159.723751412472
170.578739095647
162.332829027024
152.231732546048
157.782995425432
175.189420318538
87.397076780065
111.077015587965
117.846575085442
114.333638447317
124.494053431682
106.625401669973
108.042813523656
110.744732432742
102.54555541736
102.218163968804
96.9233185744583
100.306076894682
92.166957078711
89.7467620225234
85.1824876467938
106.383412893137
86.3915255445873
90.5594384662621
84.7539949267791
87.3167385859432
78.7120730160505
81.6541884813627
79.8733786750484
78.8577630199402
73.5186402812848
76.7683685824468
73.4686767980803
73.9512848805903
70.2515799056346
71.3708231669984
69.411559734733
68.5226693316231
67.6203427547907
67.0806637518112
65.5373056408891
64.9059290354859
64.0135550533955
63.4163857868261
62.2947148282193
61.3486277144641
61.0972438586362
59.9744286668295
59.3409144295256
58.6311399160737
58.1286697156129
57.2890474840371
56.5932927685218
55.8029247693069
55.7856111108498
54.9270760844183
54.3344368183938
53.7849522303397
53.230956414113
52.6813856461841
52.137975515389
51.7053827008765
51.1618509626496
50.5636339464153
49.9339915322148
49.531894116291
48.7779855178734
48.0864114433269
47.0623683464276
42.5213277811752
51.3072197706465
48.7156373703753
47.9339603477868
47.2275815933178
46.9245212142743
46.3899298935893
45.7892148445118
45.5596148445644
44.8116215077806
44.5438671841479
44.3648749846545
44.1447369885154
43.7707694758504
43.5400021864533
43.5769839424411
42.2469358289936
42.493548026404
42.6489242491718
41.8824172349555
41.5435327253701
41.3914559901313
41.2086895040155
40.5465705749225
41.4950782027043
40.4636168972736
40.1157449865221
39.9659221240616
39.6641918737658
39.5886087048138
39.1422258166575
38.9675624614134
38.7715591215649
38.5694722473899
38.2459887471366
38.0534923163583
37.8426904755212
37.5358079184398
37.0788815380585
35.9411694063539
40.0703002710331
37.7499431413571
37.3164425941182
36.9795454413746
36.7875036378173
36.5899083050636
36.3890096184103
36.236470714162
36.0010858694955
35.8260896248606
35.6958313749831
35.4733434658427
35.3534853010189
35.1895176631838
35.0344856413958
34.7953577676907
34.9055852509581
34.6773637271075
34.41650526256
34.506607485682
34.2831909844244
34.1573317659429
34.0341398968433
33.8784053428856
33.7227670736988
33.6499116384168
33.5127043650075
33.3841794837411
33.3106352605926
33.1620153914636
33.0613305426742
32.9663931091728
32.8472386310975
32.8033129796427
32.679781718039
32.6050056729269
32.472107929823
32.3825392501725
32.2267207621637
32.1902531766492
32.1667990960844
31.985003740388
31.9196276330578
31.8188601039541

31.7662062195589
31.6997517008735
31.5997186049386
31.5387750067355
31.5234606887455
31.3487209474782
31.378809323384
31.2310056277244
31.1130831656036
31.1059117265613
31.0578008107543
30.8742361350382
30.9732361774548
30.7602381814589
30.7297508863475
30.7665416594522
30.7128498004682
30.6742622835501
30.5170479107225
30.6151827764072
30.4025007921482
30.3645022366068
30.4438954903321
30.2044000112311
30.1480301214667
30.2082762291235
30.136418119764
29.7762244277014
30.813350678572
30.2962038379439
30.0910118577658
30.0679434226922
30.0213709944508
30.0356755849125
29.9080671858313
29.8687503901923
29.9306590804854
29.8394688981501
29.7776945927553
29.8129525103239
29.7198000651648
29.7030400167912
29.5983585790845
29.3264763598175
30.3491462898643
29.8906071443797
29.7404650157279
29.6963676374564
29.6742225829825
29.6888809596246
29.6763528115753
29.6188579298549
29.6699022790824
29.5973846412122
29.5760314006095
29.5738627427073
29.5544970881544
29.5630609280361
29.4863795563853
29.5458418172737
29.67578125
29.5455870297117
29.4862606209907
29.5633587326317
29.55460447704
29.573943610413
29.5763164808168
29.598017713446
29.6694954980553
29.618264999922
29.6761151130304
29.6890921969709
29.6742184886874
29.6965120338494
29.740592487252
29.8909199507884
30.3492363670891
29.3265730335478
29.5987649345251
29.7036913461089
29.7202846481348
29.8136971177664
29.779033571087
29.8417450749364
29.9383006085932
29.8644404196918
29.9064175556194
30.0346553981375
30.0206543528869
30.0671924927873
30.0905742954836
30.2959903604662
30.8131011188926
29.7759232541927
30.136176831625
30.2082983304237
30.1479406462556
30.2043971990295
30.4440704147817
30.365422562894
30.4007321718346
30.6142474045058
30.5164290878052
30.6739657087713
30.7125703775636
30.7661931611503
30.7295375021027
30.7601913121627
30.9730597341761
30.8740018941251
31.0576800930947
31.1058728694399
31.1130422835395
31.2309003362438
31.3789534094147
31.3491676950239
31.5238570907291
31.5380726828439
31.5993998408185
31.699609335159
31.7660575249216
31.8186374115056
31.919605011464
31.9851166505064
32.1667320959117
32.1900370940974
32.2266310849708
32.3826534167046
32.4721417754745
32.6050472755932
32.6800073327228
32.8039870872369
32.8465117618853
32.9658052686764
33.0610387481125
33.1619856371425
33.3105399623423
33.3840809862892
33.5126940379131
33.6500465767907
33.7227847495779
33.8783011800206
34.0342039781389
34.1575451252715
34.2833325367755
34.5067694722561
34.4169669136216
34.6782216653599
34.907012101223
34.79425387032
35.0341255325202
35.1893725275453
35.3533977023919
35.4731594103726
35.6959018370458
35.8262792253245
36.0011664129466
36.2364644926356
36.3891977615347
36.5903792208476
36.7879163017794
36.9801614702308
37.317560923409
37.7530449709669
40.0646872546911
35.9393665815828
37.077805374109
37.5352373066055
37.8422583015252
38.0529433387375
38.2456514344238
38.5694272966258
38.7714083501031
38.967198685292
39.1420595490963
39.5885133869338
39.6641558681547
39.9657503528915
40.1159691615938
40.4642789832405
41.4952243278638
40.5457493007967
41.2083039301076
41.391312355409
41.5433594004807
41.8820841691434
42.6489576393577
42.4937726710916
42.2468827809968
43.5766769145798
43.5398664122749
43.771006458616
44.144814724187
44.3649525374179
44.5442177254259
44.8126227321025
45.5582965837357
45.7883539754584
46.3894945648389
46.9245510850588
47.2274404012686
47.9338804334616
48.7156285432012
51.3074395962384
42.5213419876556
47.0622484783961
48.0865927158177
48.7784305820209
49.5321849951145
49.9344237241239
50.5646031497005
51.1636897078445
51.7096230188233
52.1349835745245
52.6802347068738
53.2303141159439
53.7844690120931
54.3338516400637
54.9268762191662
55.7856899808111
55.8028010414649
56.5930387066611
57.2889869751674
58.1289914677721
58.6313290056817
59.341280369883
59.9752952148638
61.0999916497163
61.3435401646063
62.2928183595374
63.4152115884836
64.0129995265418
64.9054181710677
65.5366719431461
67.0802941678367
67.6203586108693
68.5224156070983
69.4110520612291
71.3705822281003
70.2515498469141
73.9512220589038
73.4685118270279
76.7687172720078
73.5197919971679
78.8572539380352
79.8720578935209
81.6535620211761
78.7118468885598
87.3164277671911
84.7534938053559
90.559425021877
86.3918973970281
106.383252535587
85.182033568574
89.7466080105896
92.1673628008692
100.306232823466
96.9235776629906
102.219029506598
102.548235902237
110.739561665092
108.040867554136
106.624281780622
124.493722977044
114.333128505262
117.846000973708
111.076841312144
87.3974372277818
175.189055218249
157.782427069566
152.231656495933
162.333326166139
170.578798613691
159.724066657552
214.252062678964
167.975367879785
98.9581872224771
300.136870818115
322.588357646027
235.508235688103
263.382228133088
199.790236922874
355.033839651305
328.711036711945
330.442593001171
432.32633534645
519.725753890524
659.69320301465
700.460221860198
1000.36797866819
1550.09528009725
4044.45932498928
7324.248726072
1834.19396148882
1158.55873430018
684.127728193978
450.05355650295
500.245889425489
411.995634191304
276.093621476307
137.456901511034
347.487162448406
229.235096072831
248.506928791271
127.343979220879
218.984362045293
78.066185248831
105.616932978931
202.750483282265
267.976943821044
155.140922893793
84.754652298972
75.1087320879791
229.233076981128
117.436689273111
137.528738415864