31.18359375
66.4091622052574
58.72925557298
60.5449116014526
57.3948535498999
71.2575465106011
77.8377115493832
96.4964362340291
125.967691595083
193.274759630352
408.281443408377
1249.62377724362
222.077126879159
114.901296611269
67.8470327112406
48.980152147734
34.5031795172526
23.6871777406501
23.2309373887246
18.9283029967298
12.6832942232872
19.2386216918573
5.5969568880311
8.53368652656512
8.15349575281175
8.766256992876
8.29847109141328
7.11920520082584
9.07646034135277
9.81241583937344
7.24793659488296
9.73661911321988
42.4006300635944
32.6746706325026
21.2693132032698
21.4789191899166
18.8011322717296
20.327654306781
19.4540649136649
18.8188818055565
18.8858314466083
18.2895732378356
18.4102130090912
14.8248550323858
16.7014283888091
16.3296369432049
15.8694883890668
15.4523533984649
15.305655900284
16.1639517499495
16.1803848857912
16.5324408283299
16.9769550915233
17.5317239667505
18.263158787448
17.7736902821958
17.981412754133
17.4910643988382
17.3870478692564
16.7233004573662
16.3489333641899
15.7462230650259
14.9410480238423
14.5438646127739
13.9410855558782
13.7814698510717
13.5384233228364
13.3738562087368
13.4411416858813
13.5430901702574
13.6696902924058
13.7087891971268
13.7654121415764
13.4953120881602
13.3054233878357
13.0342904074052
12.5429214507403
11.8810937827734
11.5078438462275
10.7600568798977
10.0655395819757
9.4691795868845
8.95956714237732
8.54221766936539
8.25208552750598
8.0761859061345
7.96883294211838
7.84789718341952
7.85427677838554
7.78979160533717
7.68306864570627
7.53348125150525
7.3262332384624
7.02170262217055
6.70134224932267
6.21651065191638
5.82834658958121
5.42207721111905
4.90354810527782
4.27867830875535
4.04216463429714
3.68476782945488
3.43810257527541
3.27983460638608
3.30938216839855
3.32290520180062
3.46567221051408
3.56787072937202
3.80744764913287
4.02549763773213
4.28740816867106
4.46832483123073
4.63792464115807
4.87093933776244
4.97968640529233
5.10177922996144
5.17132762063803
5.15833237335791
5.13987713285286
5.09703642757902
4.96039797530784
5.05440630631496
5.08502946533796
5.15983963532059
5.27287208645513
5.47525118975951
5.73089662827947
5.96228059843553
6.30736352049581
6.60138092191054
6.85278186466557
6.97872410456815
7.19282737716662
7.22842719482944
7.2650325852232
7.15169281083815
7.08699981193814
6.9621231782403
6.796067286051
6.65642595720974
6.47003569082265
6.43357433142378
6.47221298724442
6.4939719515816
6.57379415802745
6.68008827619205
6.77453585509929
6.89933063471367
6.94311228931245
6.92690876087153
6.93905268024199
6.81634620251079
6.71438779380681
6.436584749621
6.25372814014106
5.97330653945536
5.67720396658105
5.45344761403733
5.21468685056697
4.96097848670832
4.84996487204611
4.81015400464859
4.72040422127096
4.71676202646306
4.72363823233609
4.60884162545986
4.61824507450932
4.57416971019622
4.50431464914974
4.26946313811595
4.10470437648908
3.90810934505527
3.67291760207661
3.42255904920374
3.18594648515473
2.96295078910039
2.76793918119874
2.57314735432866
2.45629998217436
2.37585728030856
2.38704386871594
2.35287281855661
2.46407163195682
2.62109208915551
2.70201343425447
2.8537149530318
2.9803368940265
3.00500656531102
3.24944889452039
3.37557923864219
3.47871937870748
3.60324983654177
3.65078207611136
3.74020775724276
3.72176511446018
3.72177393211779
3.74936820571391
3.7477545437938
3.76192476360267
3.88696646152343
3.97679170218019
4.12979140687653
4.30871676873667
4.46341314651545
4.69560442587882
4.91258624865038
5.04365354856815
5.19107491980987
5.32827665818586
5.41989757625738
5.48043066206276
5.41131188216993
5.38219980873169
5.3026777138644
5.27293222081551
5.13688400215229
5.07993207894234
5.09411678623493
5.10939230665826
5.1065829950094
5.14557998871987
5.19243721395963
5.30508767478572
5.36950553979355
5.4167283406158
5.4304618455851
5.39541660639617
5.37041916892315
5.24071616104036
5.07090056653265
4.99635223137386
4.76835835139872
4.5786999768524
4.41213188863637
4.24384999652947
4.03716457116684
3.95906817701976
3.81353099926853
3.82558708381167
3.76281265725217
3.75071153419704
3.73164110713479
3.71114293316721
3.69963190726545
3.58479142633
3.50441877633439
3.38260078638927
3.28721977353375
3.05751841377923
2.91120822925146
2.76446436682471
2.57956042921267
2.38419572885865
2.27469378391926
2.25504943918954
2.20497908179552
2.20703125
2.20502154063336
2.25504438076413
2.2746884637915
2.38419115926289
2.57955396706755
2.76443573561924
2.9111758099264
3.0574665956925
3.28714389547216
3.38241867664816
3.50496745839065
3.58487644813282
3.6996941264047
3.71114268920355
3.73165244946318
3.75070460486638
3.76281746155674
3.82556419657372
3.81353737003781
3.95906804620299
4.0372043963694
4.24382599998886
4.41212337638328
4.57868353471176
4.76835600074455
4.99633595372308
5.07091238806938
5.24070970433617
5.37042044944591
5.39540460018942
5.430453382976
5.41673065807403
5.36949368332913
5.30506784696669
5.192423561256
5.14556783610404
5.10656902152078
5.10937952712634
5.09410224530269
5.07992385163963
5.13687620831149
5.27293514822608
5.30263331518181
5.38218360889101
5.4112909619099
5.4804281226896
5.41987959474245
5.32826906254217
5.19105927710001
5.04364737238307
4.91255386370866
4.69557817112543
4.46329300213765
4.30874935505803
4.12979165752574
3.97680254717095
3.88696259053034
3.76194428245471
3.74770937279166
3.74935757380682
3.72174576688601
3.72177751650329
3.74018529960872
3.65077707221274
3.6032464606725
3.47872490557421
3.3755551530651
3.24943957801078
3.00498036855609
2.98033387070314
2.85370098760946
2.70200429280331
2.62107956915392
2.46404984244464
2.3529025479173
2.38703976274507
2.37586004360136
2.4562889028681
2.57314120621263
2.76793002326794
2.96295308733866
3.1859362045877
3.42256881674942
3.67292243243421
3.90817202057795
4.10467188996813
4.26945677844768
4.50429520488626
4.57416977547387
4.61821463658067
4.60888671678816
4.72363883131773
4.71678509615321
4.72038316920484
4.81014895011208
4.84997397619411
4.96098652361385
5.21467212818995
5.45345728868098
5.67720245084333
5.97332119148801
6.25371507856254
6.43657914702071
6.71437710965287
6.81634368772854
6.93903352709982
6.92694044502049
6.94311530716419
6.89934180925545
6.77453595291673
6.68008720794978
6.57380021648811
6.49397576912837
6.47221622227281
6.43355768492024
6.47001314845427
6.65621663481922
6.79615176938331
6.96215899726392
7.08703132023068
7.15170797502674
7.26506358400286
7.22840197631606
7.19282321774678
6.97870580765937
6.85279254141473
6.60134073832303
6.30735663298892
5.96229512692847
5.73090603808803
5.47522171821963
5.27286706094522
5.15977803973956
5.08507283745842
5.05441645393566
4.96044946245579
5.09708467417065
5.14005963836189
5.15775979727272
5.17121288372934
5.10168299337242
4.97965723518369
4.87088672438019
4.63789577899832
4.46829173273664
4.28738289628334
4.02546442253104
3.80743035275311
3.56787081783396
3.46563937324478
3.32288388652439
3.30935994308389
3.27982444806687
3.43807698541591
3.68477684022399
4.04215217178459
4.27868943454493
4.90353022993482
5.42206475763281
5.82834514735058
6.2165113562505
6.70130502495864
7.021715545793
7.32622501526527
7.53354581784704
7.68299898465869
7.78976761474967
7.85422827429065
7.84787804694765
7.96874908386832
8.07630845386744
8.25208998730247
8.54224941750164
8.95954518252656
9.46917597136929
10.0655280278291
10.7600646582992
11.5078303821205
11.8811061045055
12.5429252173573
13.0344722017181
13.3053442190232
13.4952713613039
13.7653702940717
13.7087594039867
13.6696430151822
13.5430741751408
13.4411092898744
13.3738255364277
13.5383954113601
13.7814088966944
13.9410665643349
14.5438494562146
14.9410381943919
15.7461589176432
16.3488915155962
16.7231697792116
17.3870603458865
17.4910213260153
17.981411224972
17.7736545771097
18.2632408368433
17.5313420834626
16.9768365683553
16.5322781103514
16.1803439855153
16.1638367447804
15.3055989145601
15.4522255907766
15.8694628137671
16.3294293356614
16.7012647279935
14.8241341971018
18.4104118837733
18.2895622688237
18.8858842120372
18.8187887133842
19.4541478799909
20.3273620871969
18.8010261339908
21.4786154855215
21.2693754185586
32.6744867331491
42.4006581920845
9.73663786663777
7.24785304541444
9.81220763416907
9.07630333136883
7.11861199383517
8.29858522521734
8.76613073000236
8.15349351645051
8.53355250748366
5.59668980320511
19.238123350051
12.6832210082786
18.9284267947534
23.2306477056019
23.687323212629
34.5031540059951
48.9809327722816
67.8464502293746
114.902233669585
222.07709087822
1249.62334022873
408.281726027265
193.275946101094
125.967782178629
96.497555186804
77.8378476259313
71.2569050356585
57.3948947418531
60.5457374312441
58.7290427790609
66.4090752573792