37.8677258038374
37.8678041130413
51.1987774394753
48.765362407877
45.9546873612261
10.8781894851208
22.3488027600516
41.201964767447
78.6196462453991
87.5913154212363
77.2121979521488
34.669685191323
25.9485649439598
103.694279632687
191.788634082961
289.131655861831
379.585831186636
457.835077766307
1075.09762980506
382.039418075493
370.795756104308
308.99369731513
226.849056030667
133.647945435235
55.8592956345158
22.9627528995235
79.3143591384664
102.896969919441
110.15729698121
78.5138265121917
54.036655696452
14.3043353246193
27.3684303149121
48.7617820322546
60.6566375982813
62.5704919094547
48.8809349813916
30.8194952934497
3.63855638854442
21.3320341144182
39.980293296009
47.4921657774408
47.7723444684916
40.7752554339428
19.9174063575399
2.07835964306244
21.2127526110974
34.6000992916825
39.7218157534082
39.2475217073345
31.2233374801557
18.0658253373257
3.36953202183933
7.15706990200628
72.5368148757781
27.8620169961507
22.1771094485707
12.9041101075213
0.921882243690701
12.4196307225261
22.6848992188831
27.2410713752508
27.9340282195047
22.1386021785935
12.4264164494386
0.384243789882467
11.5766125067505
20.4240381433238
25.2820617534777
24.3199093409
19.9478988273305
9.02080307037565
2.67090956265782
12.3705399935408
19.8491594161862
23.1887346544777
21.5523408869426
15.8067483513857
6.71711583435913
3.31091212150953
12.5325342596853
18.9064137048671
21.2335088989521
19.0403706304352
13.0500628255646
4.54686950536038
4.72887949346941
12.8854816055663
18.0764508155248
19.4376775947657
17.3478535969292
10.8692422174662
2.61082844903968
5.93238269221088
13.0204176826243
17.3616291449619
18.0221952437575
14.8819797494513
8.74628946195639
0.993428402298096
6.82977967253483
13.1585020649997
16.5233714524919
16.3871675352
12.8200058864054
6.63732385051078
0.51960822173206
8.03968285554123
13.5148134499155
16.2142839779368
15.5047145822139
11.6220958390132
5.42543237247982
1.74953130022544
8.47693194086801
13.3241896572853
15.3471983727462
14.1085168248405
10.0520098026077
3.92574859843535
2.95982016670213
9.0595386609539
13.1794624069722
14.6228757585205
12.9523949041224
8.6632914531672
2.63289607461083
3.90087928054236
9.5053220124177
13.0614049608606
13.924587572263
11.8122893285479
7.3552893846534
1.39040253889352
4.82178022436216
9.92159297318589
12.8979900566891
13.1856191991117
10.7442977889883
6.15350042551139
0.267790969180547
5.52310088201499
10.5295908316134
12.590657820254
12.3375507756996
9.62725887231835
4.82789255943567
0.893077454854972
6.34124231747463
10.4393574644535
12.4152877825052
11.6941927360545
8.58813099066669
3.770649424094
1.75940517601974
6.92844498201394
10.55790335301
11.9557950528147
11.1621016486875
7.50165441260974
2.58378574883628
2.79714471776205
7.55009080469988
10.7415725698902
11.6863349054049
10.196798934374
6.59151067426274
1.61850224177839
3.60048728984328
8.03947941016049
10.8143356523036
11.2660060781429
9.44098210578703
5.71286920319839
0.688572383481928
4.37540359218291
8.46044319363371
10.815842668603
10.9400295292666
8.68359455574467
4.68146216081269
0.234870893505641
5.08516735358626
8.84707810533409
10.7576179878083
10.3762509045336
7.88865804136295
3.82628281272033
1.08688149857359
5.73539725664921
9.14139139316546
10.602416976523
9.90179126081799
7.04144827501222
3.19253378180896
2.05020029350007
6.46999290985797
9.52031428040704
10.5358339025614
9.46794277545171
6.4007305387754
1.99877135356289
2.77871038385933
6.92286700216605
9.60148161720025
10.3303659375282
8.87046448189309
5.58398232739539
1.15220880193523
3.52820475296606
7.42733213101627
9.78123820711529
10.1215011326609
8.35684583201934
4.8903794995648
0.315379839134361
4.26488672345417
7.87870289865935
9.8655318939227
9.85682920406463
7.70976369749401
3.99494959140682
0.507186396509251
4.9073397114955
8.33210391900509
9.96269415078472
9.5239327876663
7.14298327817811
3.27661875344986
1.29187601209778
5.74738466101158
8.6043592898213
9.91588274109715
9.05345302623537
6.47480840831696
2.39508555013851
2.10505804040855
6.18570784557375
8.99395884232547
9.86898291898673
8.73500532376335
5.76701414579159
1.63640013655463
2.86671302746879
6.71992605350061
9.22083322397043
9.90357630350788
8.26035196395748
5.02788274574061
0.775776989717951
3.64339462473759
7.34489712846581
9.47134547188982
9.6341634132847
7.83650142884464
4.3453257385191
0.04296875
4.34529900950101
7.83661719501409
9.63415828038044
9.47133711770759
7.34491734123426
3.64332620623097
0.775773108987662
5.02789575772941
8.26035810816528
9.90363326829524
9.22086026324394
6.71995224200662
2.86674461108693
1.6365615476483
5.7669849751251
8.73498785489297
9.8689912306752
8.9943224036559
6.18575675216547
2.10509801293641
2.39505449963603
6.47482542038788
9.05343427452024
9.91588887487593
8.60436846706543
5.74734924331326
1.29189893385605
3.27661928171954
7.1429795525302
9.52392816540705
9.96272009429765
8.33211357445274
4.90737930686288
0.507094736082051
3.99492894348334
7.70976236940561
9.85684067156805
9.86552136195401
7.87873090924048
4.26488025266417
0.315381087917782
4.89048397887486
8.35690830401065
10.1215984304651
9.78135601122762
7.4269817864399
3.52838728547808
1.15203242261082
5.58383147131339
8.87057546260922
10.3302987319742
9.60144351786669
6.9228696791602
2.77862059044688
1.99873747975607
6.40071903316996
9.46792406355674
10.5358493585115
9.52032585209673
6.47001419843738
2.05024094802752
3.19260843637119
7.04140958565259
9.90179296765028
10.602418462489
9.14139013749344
5.73542379781366
1.08689698766595
3.82626130085509
7.88869064014564
10.3762550915133
10.757635656262
8.84711270085157
5.08514610083874
0.234887531839311
4.68148300040549
8.68363003280249
10.940020879615
10.8159588069895
8.46059583942826
4.3755742527017
0.688871095927802
5.71274561636708
9.44089220813733
11.2659427772089
10.8142542341292
8.03948556606783
3.60048784477021
1.61846477615142
6.59156205613327
10.1967867478296
11.6863528776718
10.741613086104
7.54998724012842
2.79722244145437
2.58376340342196
7.50159909925238
11.1621958662692
11.9558034628278
10.5579389623175
6.92850366227288
1.75936748007135
3.77060976434875
8.58815321416932
11.6942480281646
12.4154260391453
10.4395349608794
6.34145788982451
0.893310897536541
4.82838184782069
9.62695400872369
12.3372993936426
12.5904736679756
10.5294360871728
5.52305126337401
0.267819583285228
6.15345876970387
10.7442624002823
13.1855489699353
12.8979297740051
9.92156711538042
4.82169049997106
1.39038212351023
7.35527505873387
11.8122552940127
13.9244966518316
13.0614039189455
9.50532242828397
3.90093282340422
2.63302293080183
8.66323994474554
12.9523643177842
14.6228722448763
13.1793993048206
9.05956637967164
2.95983733951679
3.92569597684533
10.0521065267992
14.1085284654051
15.3472732700689
13.3243190422923
8.4766980505694
1.74980379606366
5.42509550541529
11.6217489281922
15.5055066798852
16.2140511691464
13.5146026953407
8.03954007916508
0.519877984447184
6.63734563219245
12.82002494921
16.3871239267227
16.5233197023062
13.158456082383
6.82973525010712
0.993426899661278
8.74643458727659
14.88193574521
18.0221724488105
17.361585774252
13.0203001265642
5.93236342838759
2.61086391050378
10.8692407502985
17.3478861526337
19.4376570790111
18.0764015218718
12.8854523676887
4.72870364998212
4.54692600782697
13.0501647496135
19.0404537417243
21.232978382968
18.9065854364659
12.5327319528072
3.31111891885173
6.71741562323072
15.8066267239578
21.5522719029218
23.1886902697057
19.8489661102104
12.3705704237787
2.67090440668424
9.02076476702259
19.9480265145691
24.3198891889092
25.2820998986014
20.424100630031
11.576278956472
0.384300149130357
12.426418169977
22.1384903977167
27.9341558229534
27.2410330059433
22.6848874303657
12.4196705646094
0.921962952950773
12.9040499492642
22.1771178590104
27.8620074591242
72.5368895870694
7.15717677036044
3.36954433347936
18.0657022377695
31.2235919467098
39.2474139591052
39.7217619807039
34.6001159897854
21.2123314022717
2.07840751346127
19.9173024817167
40.7750821883203
47.7721519118312
47.4920481807264
39.9801794338822
21.3320604612773
3.63882688213304
30.8194269629036
48.881004025862
62.5704759137186
60.6559598752228
48.7619371492819
27.3684205524159
14.3041061892313
54.0370193694282
78.5136360276832
110.157276538617
102.896992529054
79.3133792331483
22.963074256248
55.8592696611953
133.647425709907
226.848749623183
308.993218241993
370.795514365281
382.039331496516
1075.09782776058
457.835321747716
379.586010093964
289.13212680599
191.787805601087
103.694810977856
25.9489408890778
34.6692611814452
77.2125728259873
87.5911283788594
78.619671337018
41.201985442107
22.3485339082712
10.8783087014297
45.9544929222298
48.7652823358912
51.1982781655619
37.8677258038374