53.230796050933
19.6987830669474
7.68952306756085
21.8877862246877
44.9934301317634
53.8052803770462
55.9988202521577
39.9058516869078
21.698697373372
56.469157470078
245.291687405094
1469.82668700655
207.27839655246
81.5892921973767
18.2936260015707
19.34222041167
40.3417304701142
41.8278685633999
30.774468868169
17.3826772580796
9.53802189958421
2.91470572685992
13.6215983075801
21.5541467366189
18.1413245498262
13.3659835538411
6.12128823170527
4.03476587603751
12.1355284101945
16.4874666002554
16.4931274793541
14.8504626204145
12.3383898372213
3.82733785033667
41.3999886501905
49.6248466601262
17.0089754249589
8.70668118203032
3.09300184810464
2.44968443017663
1.09753152036168
0.57666701811293
1.31315977487623
0.396829884842212
0.769124173882087
1.86813331439081
2.59198152810387
2.03118144018836
1.78814223947037
1.38490355985717
0.30337683276617
1.317725544513
2.00986420581802
2.10621578964681
2.18995391502539
0.952070262433968
0.280827134176026
0.994884297368209
3.58344745545895
1.11091551588688
1.13863189345784
0.468870135298312
1.26202800654992
1.61977826218556
1.98667190262128
1.86252581671358
1.27564257431369
0.341892008706491
0.775636294662643
1.60011500834746
1.95960732739667
1.78269687685094
1.06637225054655
0.210412378083321
0.962233443776745
1.84601284445382
1.71700839335737
1.54814393097652
0.897872589474694
0.12621468960824
1.01709920500091
1.70113779866026
1.39672927999275
1.45333799808848
0.787120818172291
0.09768519619766
0.832224491100753
1.40609795144251
1.51843057740139
1.19304306266104
0.561299820531721
0.230483110518278
0.962279916451962
1.36107322847763
1.41176360588486
1.08708901052218
0.375820028227049
0.365867633545662
0.992312379666541
1.57431754472375
1.34501513774098
0.912717564805065
0.260773080084603
0.409897195298593
0.991050310307069
1.20804246832672
1.23143733569994
0.6786668700321
0.122713665043551
0.596357358389703
1.02783527063383
1.22511664528511
1.06927343371436
0.601560351576318
0.0581964688718753
0.692828850434074
1.05120172351063
1.13655172594918
0.932557295749277
0.453974383616007
0.155201134081132
0.750640995286353
1.10025846748437
1.08556371197092
0.77318672322009
0.299507073140563
0.273365522990431
0.789961023822259
1.04812186277209
1.05620476058545
0.616285284193975
0.148236166048337
0.371097933034533
0.815930436811436
1.01536688735994
0.918049253364986
0.57053975415711
0.110830413705691
0.505074251619833
0.844089643257363
0.935165867086618
0.825619463545695
0.419602983407646
0.0751221340933076
0.550437480096602
0.845964763987775
0.856814711502086
0.634871562154523
0.338164013284356
0.180360130743767
0.618241174821796
0.857445166092311
0.907554124357192
0.613368316400957
0.192987806695293
0.257481665230213
0.629682455962577
0.817104424977585
0.739471328148533
0.47815985796131
0.114980392753769
0.317101124197884
0.689110797863835
0.672527915880576
0.762275930546315
0.454503847517776
0.090339431626475
0.411074557827891
0.686771929457802
0.773392936096615
0.638125588972283
0.301014603957206
0.149599626185255
0.478692723814485
0.741042139443309
0.735896075193275
0.573098118851469
0.222376579219481
0.218727488575528
0.539046853818372
0.752642127034782
0.722625626488739
0.470826890648113
0.169161130531876
0.303265906903916
0.566998471901321
0.758932719038688
0.529819165026629
0.397440374744669
0.132520471568969
0.389766219027879
0.634356167558294
0.653502123398979
0.585484107837983
0.349479908828598
0.15806915471292
0.392016790133368
0.628825878475698
0.680464394291709
0.475963729953695
0.252162778480395
0.216824415540472
0.528018073322044
0.613715752112577
0.664412644177304
0.448076896083319
0.180205700093574
0.299173954620229
0.556707699428722
0.672733207151065
0.540704158948691
0.41714212636293
0.153126575952427
0.347792586109221
0.608158466443674
0.653429741481212
0.529667311335391
0.314458906648441
0.200639374753741
0.370549007732037
0.597905717728818
0.63122793896267
0.472763710890927
0.234751884861276
0.242194045153779
0.503334336303339
0.588863663824348
0.584819128057901
0.409091211912351
0.20706802483859
0.320875561613671
0.530649231875596
0.671468001966778
0.525842413791429
0.340275702933901
0.11029537732755
0.345930731501286
0.522117662182827
0.576377227387937
0.463802879199221
0.294117467398499
0.170076586869099
0.408673549840382
0.547359193008087
0.586696428564073
0.412443452155339
0.226310309813205
0.226386719194518
0.484170982746286
0.595702688815414
0.518125981648462
0.303075952902214
0.205374892497584
0.332218271013207
0.552810429673577
0.60546875
0.55281859583059
0.332236728144607
0.205387065987731
0.302998387581956
0.518128322518933
0.595696533685175
0.484190445029065
0.226409197748952
0.226336202095633
0.412438157232689
0.586661777983499
0.547480042684702
0.408613003644092
0.169994871721051
0.294097051085953
0.463802833014281
0.576383372423668
0.522139923651538
0.345948220457173
0.110462696357735
0.340292585563909
0.525848403099999
0.671470853197508
0.530651958588924
0.320863429069815
0.207050186300167
0.409091269985478
0.584774747458067
0.588864912493026
0.503335411409364
0.242180876125097
0.234739448725616
0.472762573008554
0.631234204804486
0.597924567584393
0.370657965643739
0.200641884917379
0.314474451050703
0.529677394263385
0.653434292931102
0.608159436937892
0.347784973530827
0.15312497698903
0.416965574634455
0.540687360998685
0.672728205898446
0.556709391729767
0.299177639348414
0.180210745067075
0.448093716113579
0.664442517806523
0.613954087817835
0.527985428014741
0.216818732857395
0.252160411434025
0.475956269774543
0.680455123012449
0.62881765883526
0.392002701250949
0.158167155924183
0.349468152573218
0.58547572292259
0.653495528092125
0.634357251802821
0.389764154185817
0.132527786356622
0.397440453643547
0.529800548827143
0.758927268870773
0.566991870230976
0.303262528620903
0.169168340861041
0.470832973374394
0.722620001448198
0.752605337563256
0.539352831531178
0.218740341204998
0.22234754142056
0.573091603302697
0.735898410454727
0.741051511075554
0.478713876434779
0.149629178385641
0.300800949858994
0.638145722567925
0.773397355192814
0.686771954619552
0.411078312623575
0.0903275988293693
0.4544985383238
0.762272767425783
0.672545125127622
0.689134703785507
0.317106923688235
0.114982838472674
0.478165728843635
0.739483750049133
0.817121116745146
0.629708296387418
0.257674129755144
0.193009310007043
0.613381571444028
0.907569522647848
0.857458893932664
0.618246481541855
0.180353384049864
0.338194738676848
0.634718638759828
0.856814333828369
0.845982004126214
0.550458926880553
0.0751377317680674
0.419613727751466
0.825669763514947
0.935308303755491
0.845134868505339
0.504907134314166
0.110873827225561
0.570531969592919
0.91802337032674
1.01532742765318
0.815895997134396
0.371052626498643
0.148077333460133
0.616269397988569
1.05618539721401
1.04808619098466
0.789961374637908
0.273329718333116
0.299516510149256
0.773191590230159
1.08553862024275
1.10021950894395
0.750603839471479
0.155167071391215
0.453998762683729
0.932573332563145
1.13651809494709
1.05102967849307
0.694062792705139
0.0583501097524755
0.601489564287015
1.06925569179479
1.22512774847847
1.02786336041922
0.596402200215218
0.122677640525813
0.678409941410791
1.2314457020036
1.20804447323919
0.991055145231971
0.40991503839148
0.260764186649953
0.912705389317431
1.345000432414
1.57449589214477
0.992345376767991
0.365888381503251
0.375819264383189
1.08708625753453
1.4117683299846
1.36109426355405
0.962334350130317
0.230720258421876
0.561338784719802
1.19306068998826
1.51844528088646
1.40611213805206
0.832226618014328
0.0976788542140295
0.787155676214544
1.45320465918482
1.39672818070909
1.70116129476755
1.0171232888902
0.126223933717593
0.8978837009331
1.54819652659902
1.71714629357031
1.84731983325532
0.962048135139607
0.210450062453059
1.06636586811604
1.7826699244758
1.95956614096762
1.60007419957824
0.775583042510354
0.341549474299765
1.27561554171036
1.86250446161521
1.98663789420437
1.61977979049956
1.26198848370199
0.468852251308737
1.13863876029003
1.11094144555433
3.58338274429991
0.994853998702258
0.280794780023022
0.952083348431634
2.18996274094732
2.10618153433552
2.00968818359466
1.31909750393195
0.303335168919205
1.38483602639508
1.7881285572374
2.03118719301069
2.59200829741436
1.86817104892815
0.769009548419837
0.397731965847936
1.31328490161315
0.576676218342204
1.09753741413955
2.44970222333524
3.09301324824502
8.70667442329821
17.0089467468143
49.6241783157347
41.3999985015845
3.82737553217604
12.3384027744299
14.8504478821053
16.4931104861997
16.4875008439693
12.1356375622103
4.03578806847663
6.12128530521635
13.3659854773824
18.1413227488263
21.554119197415
13.6214967965099
2.91464390310484
9.53810835335339
17.383335568188
30.7743625944875
41.8278270582999
40.3416660970064
19.3422320167383
18.2937367030457
81.5892413853004
207.278110184932
1469.82701297411
245.291863209614
56.4692193654072
21.6989576169329
39.9058471289799
55.9988535337816
53.8053268431564
44.9935932083111
21.8874919363576
7.68955192505295
19.6988871722495
53.2309181244843