28.8913065006404
21.0650950557605
30.5377037129217
18.8071570450334
13.5733154913214
10.8440557629022
27.172650260424
34.8555786080709
16.5951281449124
24.9468429730592
17.9121154690793
25.8772318359335
22.3412197642223
26.1091706269924
23.5815620258485
26.0378489241536
23.474363872767
21.981613305293
29.3788242576049
30.9679733909662
30.5583498242391
29.8585966669814
35.2997828619128
39.9728059826401
35.1879423825822
43.2627763224121
43.6284403927079
52.8535454910096
48.9683187407008
52.9724216705158
69.9091981564871
90.3997915546401
103.547705276831
97.4278201417655
177.893388206611
308.818842701869
1363.94510620311
541.953889816049
214.448978917464
155.165547895947
80.8669104950811
68.6121370911787
63.9983748256037
56.0768045124501
48.4343979533768
35.0292513270577
32.8318601095862
32.0301546272886
29.2408485882727
21.298048319419
29.6372263631995
25.4991779604102
19.3603194700088
16.788043599902
17.742107122984
18.7308011801595
14.890283777108
11.7457996270752
13.9283210398235
13.7684870742645
12.2111873733207
10.4732952307965
11.1863792607053
11.5964775141154
10.2116113676269
7.96634464791127
8.96311622884115
10.6656415416541
7.00442526242643
5.97881471276249
7.01368560485777
7.62334067394075
5.6323213058918
2.99206048806687
11.8058209299236
8.60512358206577
6.65187612272238
5.82291484360631
6.78210121454672
6.92733765861582
5.1373194988095
4.88386163337494
5.98504289858079
5.90991485283218
4.62809637401225
4.28609725723504
5.29199992319743
5.16935560109312
3.8803061854205
3.77123709121645
4.88395271437467
4.70099880003629
3.43962003972584
3.4465544275444
4.35821418365652
4.17072077220525
3.0283710567959
3.19405196117856
4.02731902027247
3.70475139834584
2.66698355028659
2.87841869505787
3.66840225114285
3.35420205429033
2.33273782288728
2.709217303113
3.44572708347737
3.09558789439043
2.26247712083083
2.40848470278068
3.15367287145616
2.95436953287171
1.92809259995139
2.42531883805021
3.08695022663957
2.58491718636354
1.77780478823503
2.33535758813369
2.90423882130411
2.42285196318784
1.82193317413346
2.45224386856365
2.98415935527675
2.85033980447561
5.90413892843326
0.141790231235092
1.65387160358433
1.36334783852792
0.956318722522249
1.65635465953356
1.96911537279907
1.49980736738627
1.00661543009234
1.70869745611895
1.98374989239015
1.40762923887459
1.08421057988405
2.13225325944651
1.46487615358852
1.13560729148261
0.891209749386228
1.46843621134614
1.67326236951775
1.01867923713598
0.77346047374133
1.48450579702334
1.51671139814281
0.934801027074062
0.696391520593433
1.42983353119115
1.44570528471894
0.855959535342167
0.763290207358064
1.41414804565412
1.32359811899649
0.759085416704707
0.774919767076597
1.34798817162626
1.27593624224583
0.581318606754503
0.745694567861953
1.3451294419385
1.08732708925551
0.483922558900764
0.732542714426412
1.20121975694378
1.06140445777329
0.414407567842619
0.708587484495366
1.14941201360732
0.953295201394287
0.364580513934151
0.716756190287713
1.17277717316705
0.912804895860711
0.294684433622236
0.708658211891564
1.07906898596815
0.836251874892726
0.226921039328035
0.68465657031647
1.06266755039014
0.752166161169623
0.196183382958966
0.70354772976136
0.945131974023881
0.701513729458679
0.123478425349179
0.683507430667948
0.965720754704516
0.603533573548725
0.119538577391268
0.668808868783678
0.895807498079589
0.452786696784281
0.150171285482431
0.410490123629613
0.919859872807356
0.447190449610932
0.17807952644831
0.710909070348281
0.767042957946069
0.386092766853146
0.216378383567922
0.698363931987941
0.689203635276934
0.342643399247005
0.178893710761594
0.588691196210763
0.726938958492914
0.275099240487466
0.277081840118346
0.478852035372623
1.01151696920552
0.189636311364564
0.484922795300693
0.764924356522265
0.596607995938448
0.0739080280498436
0.425013142810109
0.696742682101557
0.566941981154103
0.135048053831491
0.405603309943804
0.589949957095635
0.537943268895508
0.583163070221958
0.61599616223519
0.597288742945796
0.447293302093509
0.125377335043816
0.476417932267321
0.663753024780212
0.403785103978465
0.132430639370971
0.468383558112085
0.587931499942256
0.326955717336094
0.256621255190926
0.496801409600397
0.577472774538206
0.269237281289643
0.313721439429309
0.572064012389479
0.453707244136635
0.280284357742273
0.319082832017117
0.506059413949262
0.480896800566383
0.267639375919416
0.254588925845111
0.541282616734949
0.42159248129314
0.214110948356336
0.444181875570532
0.55859375
0.444264551791188
0.214088753148541
0.421491341862335
0.541288664683282
0.254819805369978
0.267692034458846
0.48083574930562
0.506031942607646
0.319133369040606
0.280253132324628
0.453578720765476
0.572050758808335
0.313817015019727
0.269220008771438
0.577410615764016
0.496810091393824
0.256693015243087
0.326923445063254
0.587849497688721
0.468383978274502
0.132580680154338
0.403772940883578
0.663703459868322
0.476458017411215
0.125445979250535
0.447215844166464
0.596890956596762
0.615890731134777
0.58310175956795
0.537904133298205
0.589839460215312
0.405593672197816
0.135138536670964
0.566826497559638
0.696525647098671
0.425032035052265
0.0743568691072184
0.597271237716578
0.765079699735917
0.484926482241486
0.189679994963904
1.01157534943785
0.478893887242629
0.277004746040302
0.275078214691086
0.726979902851557
0.588705284915188
0.178876824468357
0.342645566692081
0.689208083850768
0.698353007667003
0.21633563095275
0.386062720783283
0.767077432400833
0.710915010767842
0.178073760893556
0.447145902409159
0.919820946923367
0.410600833196716
0.150095254943484
0.452801371535529
0.895819139239127
0.668805075343186
0.119541552223689
0.603525956922805
0.965703535024684
0.683493146685285
0.123454111514587
0.701465681802587
0.945186140123629
0.703576377895045
0.196184639263765
0.752135219124936
1.06262630197433
0.684719833598762
0.226949619068731
0.836232369322408
1.07906651485304
0.708670205576235
0.294669892462015
0.912770195360394
1.17274033260691
0.716774785034823
0.364574013577521
0.953239061683377
1.14937832116354
0.70857792666599
0.414297736998769
1.06122021374667
1.20078279781095
0.73349319564087
0.484210296989969
1.08748143134093
1.34519540361176
0.745800834286218
0.581402790434191
1.27599462723269
1.34800651122935
0.775009929323579
0.759200216776956
1.32371893864069
1.41422986494563
0.763406304160996
0.855986632180328
1.44572064525222
1.4298103434214
0.696604349043671
0.934881127583896
1.5167599821979
1.48452673098603
0.773546377507047
1.01870606191168
1.67329218428101
1.46843574925332
0.891334075636483
1.13568036044847
1.46503117496674
2.13226264042821
1.08427565769151
1.40765269527131
1.98374905642321
1.70857630029305
1.00698504694082
1.49990387239007
1.96921528710526
1.65638600840656
0.956418281846682
1.36334897048477
1.65394139916712
0.14179632930609
5.90427562881036
2.85043292559456
2.9843617221248
2.45221443336747
1.8219822611656
2.42287633757977
2.90427057072753
2.33533179183758
1.777941045638
2.58499131501941
3.08703823214097
2.4253377265957
1.92814811407506
2.95440039023769
3.15373476286507
2.40849802360319
2.26255584970768
3.09567861802621
3.44588545402472
2.70921346754219
2.33277338387742
3.35425987195567
3.66845254260747
2.8783152904802
2.66702466741336
3.7048142080779
4.02747815651687
3.19413296442106
3.0284245573506
4.17078758839944
4.35837548382347
3.44666348157033
3.43974455320794
4.70129273558896
4.88519351796652
3.77080943662516
3.88009797778104
5.16925810156063
5.29203185227561
4.28610014040859
4.62789885533112
5.90989056505839
5.98513689485236
4.88385937223954
5.13724020620795
6.92732929697383
6.78219406753443
5.82295882524432
6.65173942355384
8.60515241540202
11.8060418393792
2.99204683156451
5.63225093059338
7.62342084591168
7.0138349182261
5.97905330144673
7.00359736449731
10.6655302275239
8.96319693893809
7.96636046064753
10.2114238348767
11.5964673037451
11.1865124362397
10.4734018475935
12.2108839646051
13.7684800293834
13.9287036356381
11.7457845249535
14.89002598075
18.7308336566038
17.7423413069581
16.78838576709
19.3592284716584
25.4989344762018
29.6373419167067
21.2981033241782
29.2403930634298
32.0301242515162
32.8321241381477
35.0295697888621
48.4331705125314
56.0764768995912
63.998712874282
68.6123155789941
80.8655214427719
155.165463595221
214.449861157643
541.953588423095
1363.94506302686
308.818996383391
177.894744358703
97.4284668659213
103.546856582938
90.3997749583251
69.9097590599979
52.9729704933994
48.9673405973774
52.853416733057
43.6286596152167
43.262901115726
35.1877059860104
39.9729918071778
35.3000797093482
29.8589736912718
30.5574082772711
30.9678146816111
29.3789153783945
21.9816354165611
23.4741705076322
26.0378876233738
23.581709722622
26.109301713874
22.3409079677347
25.8772065160306
17.9123237837244
24.9468108429211
16.595026544822
34.8556114902252
27.1728262546518
10.8444113302155
13.5724735450385
18.8072236949456
30.5377063986311
21.0650368242672
28.891199681861
