37.6567408922689
38.7304555014043
51.1736485548143
31.996719607668
21.5552080894382
29.2190772120657
45.4276548793435
52.2680392686571
34.6125260545798
13.0264361523079
34.3561554459441
63.1675504941328
49.2441525639189
38.9660889855823
19.0045152497101
42.6362963300555
79.9499241226487
84.4821183091707
44.4033045664733
30.7882626397318
69.4388417958736
133.348758556812
118.073095275649
78.1985891252594
55.5794551537981
201.532601558795
481.035437154164
1257.62838462019
683.466470020841
113.668401821465
235.36418632843
181.283988948313
131.880546827639
52.0790867815825
17.363702243915
59.1577696534787
73.4088176667493
54.1961574502654
30.9878568975318
11.0519004409007
41.5454208630663
51.9372821230339
34.3632730612232
12.642284578445
6.43988970551423
29.724592911862
34.7708145127332
38.5383815623199
15.8822783659745
5.51746411668149
21.2214418386915
25.20738341769
21.1771144439198
13.3368689012185
5.03909471570295
15.9510519993627
23.0901055668842
17.5607480435382
12.2796042098123
4.48664962147865
13.6003780893211
17.5539074765219
13.7753834977387
6.7270694212431
5.15620089364876
10.7802768623228
14.6340543859394
11.7273165191792
5.93960540147259
4.63389230958439
10.1022293454245
12.7045505188869
10.3836506355297
5.38415702382809
3.16888943355175
9.11073791492013
11.3110210393724
9.38389363779895
4.72286885820328
3.21615043791527
8.28280564735936
10.4345520368593
8.33345630109655
4.2143366197061
3.77013715123597
5.62793078431642
8.31967584570992
7.28856066659129
3.98900201919206
2.81182799834928
6.33397302120514
8.08519273292364
6.97351368784211
3.71912346106191
2.69325567978152
5.84125813474859
7.46464733671568
6.46868487862769
3.53670246944419
2.48805541319735
5.34784806521103
6.87626586649218
6.07235376566039
3.40361183387297
2.39572204508598
4.9401259687913
6.3734042567129
5.6157219469356
3.22715374856845
2.20748309490282
4.60475963567862
6.04100462276872
5.35852304780876
3.03056151703538
1.54815516419983
4.09294087956568
5.75950948435178
4.94614791638182
3.36867863111141
2.66101957480543
4.27912891663001
5.28936068976578
4.71596571581989
3.10123833599949
2.4009441820923
3.89303264656099
4.98377364483446
4.55708204445232
2.98985404006755
2.30650545137244
3.79032057975471
4.49963233223682
4.31253010983294
2.94597389879341
2.29686964656928
3.4703675678489
4.59065890506399
4.11466542631644
2.87376357439977
2.19132004954735
3.40796821768834
4.26886482258138
4.21935405306878
2.81275310167172
2.10432928805405
3.20071070145389
4.53068124664209
3.13282166742378
2.55384246226876
2.1966769948534
3.17224263359973
3.87509780538553
3.68979046210424
2.64588063056495
2.07093558499772
2.95963197460516
3.78487904447643
3.60732761867503
2.65845942310849
2.05205245340939
2.86610078240583
3.62600967366873
3.4577598102286
2.55969782036046
2.07703995699915
2.78864660146921
3.5077976753289
3.37259374381968
2.54274788445607
2.03851890198839
2.66617457962278
3.32273436027793
3.35984279883341
2.5655237340145
2.05714675667433
2.60826043240137
3.255284616205
3.22605175422473
2.54774547862994
1.97952973512196
2.55875112907765
3.17650474385108
3.15036191050889
2.54402293025474
2.06500402099969
2.50992292276251
3.03270039517187
2.87911843113631
2.54610898035737
2.05183490331095
2.41136062291518
2.96722661591623
3.00180814117816
2.48449069146257
2.02720522015257
2.34504043714899
2.89552226056542
2.86827348608657
2.46960564498569
2.00232749776402
2.30156183640065
2.80037431586641
2.68647945390363
1.81074479304244
2.24906091971904
2.27313067475452
2.85868583418743
2.96906613045363
2.5446668459391
2.12804088581429
2.24682801337406
2.72922267332643
2.86586870921084
2.50489929875089
2.13697923424722
2.21212201252333
2.64721268031548
2.80907489069535
2.58716255184945
1.73943322146967
2.10687434321935
2.60659686138517
2.74795767046758
2.48432305693739
2.13304571720806
2.09472845328471
2.54806988635051
2.7432503790467
2.5118778312334
2.16810990198982
2.15231186720046
2.5053276661878
2.7332607829416
2.52604219971364
2.26677748423037
1.77544993222603
2.38530806122014
2.67580189043881
2.49675840295626
2.17653478425362
2.04418441361715
2.33977008425704
2.63026745063182
2.50733238551448
2.25029013347874
2.08266808106104
2.33488061201913
2.59558249588014
2.54290728525086
2.21074996959407
2.06715439928877
2.27820398623893
2.58708715698151
2.56189589041318
2.26194463558157
2.05859375
2.26199910327912
2.56193739120296
2.58700134030084
2.2781884883875
2.06714824471709
2.21076215029884
2.54290775668076
2.59556291168265
2.33486661190331
2.08267558329449
2.25032532552349
2.50734590212167
2.63029883928052
2.33972903029701
2.04415230668338
2.17657890329827
2.49682519037073
2.67581567807388
2.38523770069853
1.77548174204676
2.2668488951998
2.5261244237595
2.73325604005338
2.5052656688198
2.15236035877011
2.16834775248007
2.51217004225176
2.7431936307751
2.54862320073912
2.09462174145788
2.13276857432418
2.48424553706531
2.74803955256007
2.60666934169088
2.10670640360217
1.73929299965474
2.58702093140115
2.80901659799687
2.64721223687623
2.21213178721099
2.13693594344448
2.50484034605367
2.86585980996797
2.72923889922799
2.24686300142669
2.12799360532787
2.54462467393612
2.96908214521999
2.85870267675015
2.27315224289925
2.24901093724627
1.81068354777425
2.6864619804435
2.80037745190427
2.30156317592761
2.00231398495362
2.46960944372306
2.86827332338005
2.8955331451188
2.3450765274113
2.02727504308616
2.48444695394604
3.00176494191039
2.96722272821866
2.41140233516029
2.05185687594044
2.54604680449746
2.87904123950346
3.03266713097915
2.50990537451637
2.06499235003374
2.54400800849223
3.15035010579749
3.17649368638528
2.55875104428108
1.97952373053596
2.54778063977667
3.22601569918298
3.25525469938514
2.60824484699039
2.05718811253504
2.56553169699539
3.35979539845269
3.32271592981597
2.66617100558662
2.03855183097895
2.5427515687249
3.37256900927843
3.50779758740246
2.78869690609772
2.07713779815114
2.55952248139577
3.4579446365356
3.62594047509759
2.86600301416252
2.05213039995366
2.65867288956931
3.60737398568709
3.78449341321761
2.95976412537178
2.07064393498754
2.64571959915694
3.68976441276468
3.87513199546113
3.17224364831232
2.19659533804703
2.55378858172857
3.13274308171505
4.53073249118401
3.20069698693621
2.10425618751661
2.81272814543118
4.21939551839243
4.26888974052882
3.40790851523107
2.19126895103224
2.87372142822408
4.11465083966444
4.5906561057496
3.47038055974573
2.29686124359523
2.94595990534358
4.31253131062888
4.49961794794798
3.79039766200731
2.3064488152657
2.98981333267559
4.55707903207564
4.98384048979505
3.89308018177944
2.40080671747595
3.10093901736304
4.71589415472733
5.28933408899087
4.2791099071136
2.66100196851122
3.36863885842149
4.94612724337636
5.75951357570615
4.0931341169265
1.54819234568916
3.0304837414425
5.35850782107359
6.04101193639106
4.60482582295649
2.2075099447861
3.22710530647685
5.61555949614766
6.37341218624828
4.94019569730793
2.39572235680467
3.40352644813288
6.07239371551925
6.87640641288921
5.34811016728591
2.48820857784302
3.53725766223726
6.46854765213979
7.46447102408279
5.84121770602412
2.6934115347409
3.71912570206591
6.97347732472401
8.08476641576508
6.33372102662813
2.81167205755027
3.98904245157835
7.28852579393425
8.31960814814994
5.62784262082591
3.77006003907728
4.214086894584
8.33347970889985
10.4344582769399
8.28269614415006
3.21610476998818
4.72293485515148
9.38385944598904
11.3109045541736
9.11070480714071
3.16881310425002
5.38413721745514
10.383634896236
12.7045081171101
10.1021981238131
4.63388030209045
5.93962452462132
11.7268813074981
14.6341452427552
10.7801622258983
5.15603881410238
6.7270704013057
13.7754959601763
17.5539037167073
13.5999500119738
4.48701597434543
12.2792830566115
17.5605924246067
23.0900825708978
15.9510893275061
5.03917088489113
13.3368113163048
21.1771202837085
25.2071740551615
21.2214143513396
5.51749647255358
15.8823068539602
38.5383796704247
34.7708383688308
29.7245747705463
6.43939725022463
12.641399844824
34.3630196924591
51.9370558369265
41.5452141210035
11.0519893515158
30.9877893975957
54.1959139759272
73.408647038387
59.1571615390578
17.3635933055858
52.0789953455122
131.880672150134
181.283977804813
235.363475633551
113.6684735479
683.466414715857
1257.62859590943
481.035806088353
201.532780934941
55.5787844785012
78.1985950096005
118.073164669814
133.348771356813
69.4386142365501
30.7885657604909
44.4033950140801
84.4821569990551
79.9501062227396
42.6362577829184
19.004494374863
38.9660344640716
49.2446851547599
63.1668431593919
34.3557445882164
13.0263096238428
34.6127711597581
52.2680015005265
45.4275607463648
29.2189087990613
21.5546859575739
31.9969446247722
51.1733558050884
38.7305061922076
37.6568680041063