1240
1186
1176
1259
1347
1343
1270
1241
1304
1375
1355
1268
1231
1301
1398
1410
1339
1292
1336
1412
1416
1345
1300
1352
1446
1470
1403
1342
1370
1451
1476
1414
1356
1388
1481
1522
1468
1398
1411
1495
1543
1500
1435
1449
1536
1592
1549
1468
1459
1534
1596
1564
1486
1470
1541
1609
1585
1506
1478
1543
1615
1598
1518
1486
1549
1632
1629
1551
1507
1559
1642
1648
1577
1533
1585
1673
1685
1607
1543
1577
1662
1684
1613
1546
1574
1663
1697
1635
1564
1583
1672
1718
1665
1591
1599
1685
1736
1686
1600
1588
1664
1722
1685
1604
1591
1669
1741
1717
1637
1613
1682
1756
1740
1661
1629
1691
1767
1756
1672
1626
1676
1754
1754
1678
1631
1678
1759
1766
1690
1632
1668
1750
1768
1702
1646
1680
1767
1794
1728
1658
1678
1761
1797
1740
1670
1685
1769
1814
1760
1678
1673
1749
1799
1758
1683
1679
1759
1822
1790
1711
1694
1764
1829
1803
1725
1703
1773
1846
1826
1738
1694
1748
1822
1814
1733
1688
1739
1820
1824
1746
1691
1730
1811
1826
1756
1700
1734
1817
1840
1774
1709
1732
1812
1842
1781
1712
1728
1808
1845
1787
1706
1703
1778
1824
1779
1705
1706
1787
1845
1806
1722
1705
1777
1842
1813
1732
1707
1773
1839
1816
1731
1695
1752
1823
1808
1727
1688
1747
1830
1830
1751
1699
1742
1822
1830
1756
1700
1738
1817
1826
1746
1682
1718
1807
1825
1748
1682
1719
1815
1841
1763
1687
1713
1800
1823
1754
1711
1802
1974
2074
2042
1985
2034
2174
2264
2219
2113
2074
2128
2180
2142
2052
2018
2077
2144
2124
2038
2001
2068
2155
2137
2021
1953
2049
2235
2319
2229
2097
2089
2196
2248
2144
1979
1910
1954
1987
1940
1894
1947
2052
2053
1903
1737
1703
1774
1783
1652
1491
1453
1545
1630
1618
1568
1583
1663
1705
1648
1566
1562
1635
1687
1649
1575
1564
1631
1696
1686
1630
1615
1675
1750
1762
1711
1677
1720
1816
1885
1898
1914
2014
2210
2441
2659
2889
3188
3553
3913
4223
4522
4877
5276
5610
5789
5832
5819
5760
5570
5174
4613
3987
3343
2638
1855
1092
476
27
-352
-726
-1033
-1152
-1068
-904
-785
-703
-565
-324
-48
177
342
505
688
853
958
1022
1100
1201
1277
1290
1277
1308
1397
1472
1463
1389
1342
1379
1456
1483
1439
1395
1422
1504
1568
1587
1609
1681
1778
1829
1821
1821
1880
1956
1962
1878
1789
1786
1855
1896
1855
1788
1789
1866
1928
1902
1823
1794
1849
1905
1875
1786
1751
1822
1917
1915
1816
1746
1802
1935
2013
1998
1980
2053
2180
2250
2223
2177
2193
2241
2230
2147
2083
2110
2184
2200
2133
2064
2075
2150
2208
2220
2235
2296
2376
2414
2402
2396
2437
2495
2496
2419
2328
2302
2349
2399
2377
2288
2201
2166
2154
2107
2015
1933
1907
1909
1878
1813
1791
1866
1970
1976
1851
1704
1660
1700
1694
1575
1435
1408
1489
1540
1471
1354
1315
1362
1373
1272
1132
1078
1130
1182
1161
1121
1154
1251
1304
1259
1190
1201
1284
1329
1273
1191
1194
1288
1362
1340
1272
1265
1334
1386
1348
1269
1260
1342
1419
1402
1326
1298
1358
1425
1408
1333
1307
1374
1458
1457
1385
1346
1400
1481
1486
1417
1376
1430
1521
1537
1466
1407
1442
1529
1557
1494
1434
1464
1554
1590
1530
1456
1468
1552
1594
1539
1461
1465
1547
1601
1557
1478
1471
1548
1608
1575
1502
1497
1577
1643
1612
1528
1505
1575
1647
1625
1545
1518
1587
1667
1656
1573
1529
1582
1659
1656
1579
1535
1587
1670
1678
1603
1547
1585
1667
1682
1610
1548
1580
1667
1693
1624
1553
1572
1660
1703
1652
1584
1599
1684
1730
1678
1598
1594
1670
1720
1673
1591
1583
1661
1725
1691
1608
1587
1661
1734
1714
1635
1609
1678
1757
1744
1658
1611
1659
1733
1727
1648
1599
1646
1726
1732
1656
1599
1637
1721
1740
1674
1618
1655
1744
1772
1705
1634
1652
1734
1767
1708
1637
1650
1732
1772
1716
1637
1640
1720
1768
1720
1642
1641
1725
1786
1744
1654
1632
1706
1778
1755
1676
1650
1717
1790
1773
1689
1650
1705
1778
1766
1685
1642
1694
1773
1772
1691
1635
1674
1752
1759
1686
1630
1669
1753
1771
1700
1632
1657
1740
1772
1714
1652
1674
1758
1796
1738
1665
1674
1755
1801
1751
1673
1671
1749
1803
1760
1675
1658
1730
1791
1760
1678
1659
1731
1802
1773
1677
1638
1708
1797
1789
1696
1643
1706
1804
1809
1715
1644
1687
1775
1779
1693
1654
1764
1945
2028
1972
1912
1985
2147
2228
2153
2031
2011
2095
2144
2075
1967
1958
2057
2127
2072
1965
1952
2057
2138
2073
1927
1886
2029
2215
2252
2134
2031
2070
2176
2179
2044
1906
1883
1927
1915
1838
1815
1910
2015
1972
1794
1649
1658
1735
1710
1557
1421
1429
1527
1571
1521
1482
1540
1635
1639
1540
1460
1496
1595
1622
1546
1475
1506
1603
1650
1603
1547
1571
1658
1709
1676
1621
1624
1696
1769
1796
1810
1873
2009
2183
2368
2582
2857
3191
3532
3842
4143
4484
4872
5251
5539
5710
5792
5808
5727
5492
5089
4559
3956
3288
2544
1761
1037
448
-16
-424
-796
-1066
-1161
-1094
-964
-849
-735
-569
-336
-91
126
321
514
696
830
915
996
1104
1210
1257
1245
1245
1309
1406
1453
1416
1350
1335
1386
1442
1444
1407
1393
1434
1497
1535
1556
1603
1691
1774
1800
1787
1806
1883
1954
1936
1838
1764
1789
1865
1880
1808
1741
1772
1869
1913
1853
1772
1779
1860
1898
1834
1747
1755
1854
1922
1872
1769
1741
1827
1932
1966
1954
1989
2094
2190
2205
2173
2177
2228
2246
2177
2082
2063
2129
2186
2155
2077
2044
2086
2141
2154
2156
2206
2300
2367
2364
2340
2369
2450
2506
2468
2370
2302
2312
2361
2373
2323
2249
2198
2173
2131
2054
1971
1923
1908
1879
1811
1749
1764
1859
1940
1911
1785
1673
1651
1670
1623
1494
1377
1367
1430
1448
1379
1293
1276
1303
1279
1176
1070
1045
1078
1086
1051
1043
1110
1196
